#! FIELDS time dist_vp_c dh_o_0_h metad.bias metad.rbias metad.rct w_metad uw_vp_c.bias uw_vp_c.force2 dist_o_0_h uw_dist_o_0_h.bias uw_dist_o_0_h.force2 cn_o_0_h uw_cn_o_0_h.bias uw_cn_o_0_h.force2 dh2x_o_0_h
#! SET min_dh_o_0_h -pi
#! SET max_dh_o_0_h pi
#! SET min_dh2x_o_0_h -pi
#! SET max_dh2x_o_0_h pi
 0.000000 1.363301 2.960835 0.000000 0.000000 0.000000 0.000000 0.000000 0.000000 1.033417 0.000000 0.000000 0.002959 0.000000 0.000000 1.390039
 0.005000 1.358629 2.961524 0.000000 0.000000 0.000000 0.000000 0.000000 0.000000 1.041756 0.000000 0.000000 0.003645 0.000000 0.000000 1.390728
 0.010000 1.342986 2.997147 0.000000 0.000000 0.000000 0.000000 0.000000 0.000000 1.134118 0.000000 0.000000 0.005782 0.000000 0.000000 1.426351
 0.015000 1.345862 3.050241 0.000000 0.000000 0.000000 0.000000 0.000000 0.000000 1.166538 0.547004 4376.028268 0.010873 0.000000 0.000000 1.479445
 0.020000 1.352961 3.132762 0.000000 0.000000 0.000000 0.000000 0.000000 0.000000 1.061621 0.000000 0.000000 0.012663 0.000000 0.000000 1.561966
 0.025000 1.331349 -3.054665 0.000000 0.000000 0.000000 0.000000 0.000000 0.000000 1.009952 0.000000 0.000000 0.014878 0.000000 0.000000 1.657724
 0.030000 1.299376 -3.033646 0.000000 0.000000 0.000000 0.000000 0.000000 0.000000 1.070722 0.000000 0.000000 0.015228 0.000000 0.000000 1.678743
 0.035000 1.312503 -3.106264 0.000000 0.000000 0.000000 0.000000 0.000000 0.000000 1.089533 0.000000 0.000000 0.011108 0.000000 0.000000 1.606125
 0.040000 1.356611 3.065662 0.000000 0.000000 0.000000 0.000000 0.000000 0.000000 1.072522 0.000000 0.000000 0.011656 0.000000 0.000000 1.494865
